
     RDKit          2D

 32 34  0  0  0  0  0  0  0  0999 V2000
    2.2474   -1.5596    0.0000 O   0  0  0  0  0  0  0  0  0  0  0  0
   -0.2523   -0.0813    0.0000 O   0  0  0  0  0  0  0  0  0  0  0  0
    2.5436   -0.6225    0.0000 O   0  0  0  0  0  0  0  0  0  0  0  0
    3.2581    0.6150    0.0000 O   0  0  0  0  0  0  0  0  0  0  0  0
    5.4015   -1.4475    0.0000 O   0  0  0  0  0  0  0  0  0  0  0  0
    6.1160   -0.2100    0.0000 O   0  0  0  0  0  0  0  0  0  0  0  0
    0.8235   -1.9252    0.0000 N   0  0  0  0  0  0  0  0  0  0  0  0
    0.1134   -1.5053    0.0000 N   0  0  0  0  0  0  0  0  0  0  0  0
    1.1147   -0.6225    0.0000 C   0  0  0  0  0  0  0  0  0  0  0  0
    1.4423   -1.3796    0.0000 C   0  0  0  0  0  0  0  0  0  0  0  0
    0.2933   -0.7001    0.0000 C   0  0  0  0  0  0  0  0  0  0  0  0
    0.9011   -2.7466    0.0000 C   0  0  0  0  0  0  0  0  0  0  0  0
   -0.6438   -1.8329    0.0000 C   0  0  0  0  0  0  0  0  0  0  0  0
    1.8291   -0.2100    0.0000 C   0  0  0  0  0  0  0  0  0  0  0  0
    1.1319    0.2023    0.0000 C   0  0  0  0  0  0  0  0  0  0  0  0
    1.6512   -3.0900    0.0000 C   0  0  0  0  0  0  0  0  0  0  0  0
   -0.7386   -2.6524    0.0000 C   0  0  0  0  0  0  0  0  0  0  0  0
    0.2286   -3.2245    0.0000 C   0  0  0  0  0  0  0  0  0  0  0  0
   -1.3061   -1.3410    0.0000 C   0  0  0  0  0  0  0  0  0  0  0  0
    0.4263    0.6297    0.0000 C   0  0  0  0  0  0  0  0  0  0  0  0
    3.2581   -0.2100    0.0000 C   0  0  0  0  0  0  0  0  0  0  0  0
    1.7289   -3.9113    0.0000 C   0  0  0  0  0  0  0  0  0  0  0  0
   -1.4958   -2.9801    0.0000 C   0  0  0  0  0  0  0  0  0  0  0  0
    0.3063   -4.0458    0.0000 C   0  0  0  0  0  0  0  0  0  0  0  0
   -2.0633   -1.6687    0.0000 C   0  0  0  0  0  0  0  0  0  0  0  0
    1.0564   -4.3892    0.0000 C   0  0  0  0  0  0  0  0  0  0  0  0
   -2.1581   -2.4882    0.0000 C   0  0  0  0  0  0  0  0  0  0  0  0
    0.4435    1.4545    0.0000 C   0  0  0  0  0  0  0  0  0  0  0  0
    3.9725   -0.6225    0.0000 C   0  0  0  0  0  0  0  0  0  0  0  0
    1.1665    1.8520    0.0000 C   0  0  0  0  0  0  0  0  0  0  0  0
    4.6870   -0.2100    0.0000 C   0  0  0  0  0  0  0  0  0  0  0  0
    5.4015   -0.6225    0.0000 C   0  0  0  0  0  0  0  0  0  0  0  0
  1 10  2  0
  2 11  2  0
  3 14  1  0
  3 21  1  0
  4 21  2  0
  5 32  2  0
  6 32  1  0
  7  8  1  0
  7 10  1  0
  7 12  1  0
  8 11  1  0
  8 13  1  0
  9 10  1  0
  9 11  1  0
  9 14  1  0
  9 15  1  0
 12 16  2  0
 12 18  1  0
 13 17  2  0
 13 19  1  0
 15 20  1  0
 16 22  1  0
 17 23  1  0
 18 24  2  0
 19 25  2  0
 20 28  1  0
 21 29  1  0
 22 26  2  0
 23 27  2  0
 24 26  1  0
 25 27  1  0
 28 30  1  0
 29 31  1  0
 31 32  1  0
M  END

&gt; &lt;chembl_id&gt;
CHEMBL1414320

&gt; &lt;chembl_pref_name&gt;
SUXIBUZONE

$$$$

     RDKit          2D

 22 22  0  0  0  0  0  0  0  0999 V2000
    1.4375   -3.6417    0.0000 C   0  0  0  0  0  0  0  0  0  0  0  0
    3.8292   -2.5917    0.0000 C   0  0  0  0  0  0  0  0  0  0  0  0
    1.1292   -3.1167    0.0000 C   0  0  0  0  0  0  0  0  0  0  0  0
    3.2292   -2.5917    0.0000 N   0  0  0  0  0  0  0  0  0  0  0  0
    2.0375   -3.6375    0.0000 C   0  0  0  0  0  0  0  0  0  0  0  0
    4.1250   -2.0667    0.0000 O   0  0  0  0  0  0  0  0  0  0  0  0
    1.4292   -2.6000    0.0000 C   0  0  0  0  0  0  0  0  0  0  0  0
    4.6250   -5.5917    0.0000 C   0  0  0  0  0  0  0  0  0  0  0  0
    4.7792   -5.0125    0.0000 C   0  0  0  0  0  0  0  0  0  0  0  0
    2.3292   -3.1167    0.0000 C   0  0  0  0  0  0  0  0  0  0  0  0
    2.9292   -3.1125    0.0000 C   0  0  0  0  0  0  0  0  0  0  0  0
    2.0292   -2.5917    0.0000 C   0  0  0  0  0  0  0  0  0  0  0  0
    1.1417   -4.1667    0.0000 O   0  0  0  0  0  0  0  0  0  0  0  0
    0.5292   -3.1250    0.0000 O   0  0  0  0  0  0  0  0  0  0  0  0
    4.2500   -3.0125    0.0000 C   0  0  0  0  0  0  0  0  0  0  0  0
    4.0417   -5.7417    0.0000 C   0  0  0  0  0  0  0  0  0  0  0  0
    4.3625   -4.5917    0.0000 C   0  0  0  0  0  0  0  0  0  0  0  0
    0.5417   -4.1667    0.0000 C   0  0  0  0  0  0  0  0  0  0  0  0
    4.0917   -3.5917    0.0000 C   0  0  0  0  0  0  0  0  0  0  0  0
    4.5167   -4.0042    0.0000 C   0  0  0  0  0  0  0  0  0  0  0  0
    3.8917   -6.3250    0.0000 C   0  0  0  0  0  0  0  0  0  0  0  0
    3.6167   -5.3167    0.0000 C   0  0  0  0  0  0  0  0  0  0  0  0
  2  4  1  0
  3  1  1  0
  4 11  1  0
  5  1  2  0
  6  2  2  0
  7  3  2  0
  8  9  2  0
  9 17  1  0
 10  5  1  0
 11 10  1  0
 12 10  2  0
 13  1  1  0
 14  3  1  0
 15  2  1  0
 16  8  1  0
 17 20  1  0
 18 13  1  0
 19 15  1  0
 20 19  1  0
 21 16  1  0
 22 16  1  0
  7 12  1  0
M  END

&gt; &lt;chembl_id&gt;
CHEMBL313971

&gt; &lt;chembl_pref_name&gt;
ZUCAPSAICIN

$$$$

     RDKit          2D

 14 14  0  0  0  0  0  0  0  0999 V2000
    6.0917   -6.7167    0.0000 C   0  0  0  0  0  0  0  0  0  0  0  0
    5.5792   -6.4167    0.0000 C   0  0  0  0  0  0  0  0  0  0  0  0
    5.0417   -6.7250    0.0000 C   0  0  0  0  0  0  0  0  0  0  0  0
    6.0917   -7.3250    0.0000 O   0  0  0  0  0  0  0  0  0  0  0  0
    6.6167   -6.4167    0.0000 N   0  0  0  0  0  0  0  0  0  0  0  0
    4.5042   -6.4292    0.0000 C   0  0  0  0  0  0  0  0  0  0  0  0
    8.1792   -6.7167    0.0000 O   0  0  0  0  0  0  0  0  0  0  0  0
    7.1417   -6.7167    0.0000 C   0  0  0  0  0  0  0  0  0  0  0  0
    7.6625   -6.4167    0.0000 C   0  0  0  0  0  0  0  0  0  0  0  0
    3.9875   -6.7250    0.0000 C   0  0  0  0  0  0  0  0  0  0  0  0
    4.5042   -5.8292    0.0000 C   0  0  0  0  0  0  0  0  0  0  0  0
    3.9917   -5.5250    0.0000 C   0  0  0  0  0  0  0  0  0  0  0  0
    3.4667   -6.4292    0.0000 C   0  0  0  0  0  0  0  0  0  0  0  0
    3.4667   -5.8375    0.0000 C   0  0  0  0  0  0  0  0  0  0  0  0
  2  1  1  0
  3  2  2  0
  4  1  2  0
  5  1  1  0
  6  3  1  0
  7  9  1  0
  8  5  1  0
  9  8  1  0
 10  6  2  0
 11  6  1  0
 12 11  2  0
 13 10  1  0
 14 12  1  0
 14 13  2  0
M  END

&gt; &lt;chembl_id&gt;
CHEMBL102358

&gt; &lt;chembl_pref_name&gt;
IDROCILAMIDE

$$$$

     RDKit          2D

  4  3  0  0  0  0  0  0  0  0999 V2000
    4.4156   -2.9854    0.0000 S   0  0  0  0  0  0  0  0  0  0  0  0
    4.4130   -2.1557    0.0000 O   0  0  0  0  0  0  0  0  0  0  0  0
    5.1355   -3.3980    0.0000 C   0  0  0  0  0  0  0  0  0  0  0  0
    3.6983   -3.4026    0.0000 C   0  0  0  0  0  0  0  0  0  0  0  0
  2  1  1  0
  3  1  1  0
  4  1  1  0
M  CHG  2   1   1   2  -1
M  END

&gt; &lt;chembl_id&gt;
CHEMBL504

&gt; &lt;chembl_pref_name&gt;
DIMETHYL SULFOXIDE

$$$$

     RDKit          2D

 18 19  0  0  0  0  0  0  0  0999 V2000
    1.6500    0.6208    0.0000 C   0  0  0  0  0  0  0  0  0  0  0  0
   -1.7583    2.2083    0.0000 C   0  0  0  0  0  0  0  0  0  0  0  0
    1.0792    0.4333    0.0000 C   0  0  0  0  0  0  0  0  0  0  0  0
   -1.2708    1.8583    0.0000 C   0  0  0  0  0  0  0  0  0  0  0  0
    0.6292    0.8375    0.0000 C   0  0  0  0  0  0  0  0  0  0  0  0
    2.0917    0.2208    0.0000 O   0  0  0  0  0  0  0  0  0  0  0  0
    1.7750    1.2083    0.0000 O   0  0  0  0  0  0  0  0  0  0  0  0
   -0.7000    2.0375    0.0000 C   0  0  0  0  0  0  0  0  0  0  0  0
   -1.7583    2.8083    0.0000 O   0  0  0  0  0  0  0  0  0  0  0  0
    0.0625    0.6500    0.0000 C   0  0  0  0  0  0  0  0  0  0  0  0
    0.7542    1.4250    0.0000 C   0  0  0  0  0  0  0  0  0  0  0  0
   -0.2583    1.6375    0.0000 C   0  0  0  0  0  0  0  0  0  0  0  0
   -0.3833    1.0500    0.0000 C   0  0  0  0  0  0  0  0  0  0  0  0
    0.3125    1.8250    0.0000 C   0  0  0  0  0  0  0  0  0  0  0  0
   -2.2458    1.8583    0.0000 C   0  0  0  0  0  0  0  0  0  0  0  0
   -2.0583    1.2833    0.0000 C   0  0  0  0  0  0  0  0  0  0  0  0
   -1.4583    1.2833    0.0000 C   0  0  0  0  0  0  0  0  0  0  0  0
    0.9542   -0.1542    0.0000 C   0  0  0  0  0  0  0  0  0  0  0  0
  2  4  1  0
  3  1  1  0
  4  8  1  0
  5  3  1  0
  6  1  1  0
  7  1  2  0
  8 12  1  0
  9  2  2  0
 10  5  2  0
 11  5  1  0
 12 14  1  0
 13 10  1  0
 14 11  2  0
 15  2  1  0
 16 17  1  0
 17  4  1  0
 18  3  1  0
 12 13  2  0
 15 16  1  0
M  END

&gt; &lt;chembl_id&gt;
CHEMBL19299

&gt; &lt;chembl_pref_name&gt;
LOXOPROFEN

$$$$

     RDKit          2D

 24 28  0  0  0  0  0  0  0  0999 V2000
    5.3042   -5.2542    0.0000 C   0  0  0  0  0  0  0  0  0  0  0  0
    5.6417   -4.6667    0.0000 C   0  0  0  0  0  0  0  0  0  0  0  0
    4.6250   -5.2625    0.0000 C   0  0  0  0  0  0  0  0  0  0  0  0
    5.6375   -5.8500    0.0000 C   0  0  0  0  0  0  0  0  0  0  0  0
    4.2875   -5.8500    0.0000 C   0  0  0  0  0  0  0  0  0  0  0  0
    4.9917   -6.2750    0.0000 O   0  0  0  0  0  0  0  0  0  0  0  0
    5.3042   -4.0792    0.0000 C   0  0  0  0  0  0  0  0  0  0  0  0
    4.2875   -4.6667    0.0000 C   0  0  0  0  0  0  0  0  0  0  0  0
    4.6250   -4.0792    0.0000 C   0  0  0  0  0  0  0  0  0  0  0  0
    5.6500   -3.4917    0.0000 N   0  0  0  0  0  0  0  0  0  0  0  0
    4.9542   -4.6542    0.0000 C   0  0  0  0  0  0  0  0  0  0  0  0
    6.3292   -4.6750    0.0000 C   0  0  0  0  0  0  0  0  0  0  0  0
    6.3167   -5.8542    0.0000 C   0  0  0  0  0  0  0  0  0  0  0  0
    3.6042   -5.8500    0.0000 C   0  0  0  0  0  0  0  0  0  0  0  0
    4.9667   -3.4875    0.0000 C   0  0  0  0  0  0  0  0  0  0  0  0
    3.6042   -4.6667    0.0000 C   0  0  0  0  0  0  0  0  0  0  0  0
    6.6625   -5.2667    0.0000 C   0  0  0  0  0  0  0  0  0  0  0  0
    5.9792   -4.0708    0.0000 O   0  0  0  0  0  0  0  0  0  0  0  0
    6.6542   -6.4500    0.0000 O   0  0  0  0  0  0  0  0  0  0  0  0
    3.2667   -5.2625    0.0000 C   0  0  0  0  0  0  0  0  0  0  0  0
    3.2625   -6.4417    0.0000 O   0  0  0  0  0  0  0  0  0  0  0  0
    6.2417   -3.1500    0.0000 C   0  0  0  0  0  0  0  0  0  0  0  0
    4.8078   -3.2111    0.0000 H   0  0  0  0  0  0  0  0  0  0  0  0
    5.9215   -6.8088    0.0000 H   0  0  0  0  0  0  0  0  0  0  0  0
  2  1  1  0
  3  1  1  0
  4  1  1  0
  5  3  1  0
  4  6  1  0
  7  2  1  0
  8  3  2  0
  9  8  1  0
 10 15  1  0
  1 11  1  1
 12  2  1  0
 13  4  1  0
 14  5  2  0
 15 11  1  0
 16  8  1  0
 17 13  1  0
  2 18  1  1
 19 13  2  0
 20 16  2  0
 21 14  1  0
 22 10  1  0
  6  5  1  0
  7 10  1  0
 17 12  1  0
  9  7  1  0
 20 14  1  0
  7 23  1  6
  4 24  1  1
M  END

&gt; &lt;chembl_id&gt;
CHEMBL963

&gt; &lt;chembl_pref_name&gt;
OXYMORPHONE

$$$$

     RDKit          2D

 16 17  0  0  0  0  0  0  0  0999 V2000
    7.0417   -4.0667    0.0000 C   0  0  0  0  0  0  0  0  0  0  0  0
    4.9667   -4.6750    0.0000 C   0  0  0  0  0  0  0  0  0  0  0  0
    7.5625   -3.7667    0.0000 O   0  0  0  0  0  0  0  0  0  0  0  0
    7.0417   -4.6667    0.0000 O   0  0  0  0  0  0  0  0  0  0  0  0
    4.4417   -4.9750    0.0000 C   0  0  0  0  0  0  0  0  0  0  0  0
    4.9667   -4.0667    0.0000 C   0  0  0  0  0  0  0  0  0  0  0  0
    5.4792   -4.9750    0.0000 C   0  0  0  0  0  0  0  0  0  0  0  0
    6.5167   -3.7667    0.0000 C   0  0  0  0  0  0  0  0  0  0  0  0
    6.0042   -4.0667    0.0000 C   0  0  0  0  0  0  0  0  0  0  0  0
    5.4792   -3.7667    0.0000 C   0  0  0  0  0  0  0  0  0  0  0  0
    6.0042   -4.6750    0.0000 C   0  0  0  0  0  0  0  0  0  0  0  0
    3.9292   -4.6667    0.0000 C   0  0  0  0  0  0  0  0  0  0  0  0
    4.4500   -5.5667    0.0000 C   0  0  0  0  0  0  0  0  0  0  0  0
    3.9292   -5.8667    0.0000 C   0  0  0  0  0  0  0  0  0  0  0  0
    3.4042   -4.9667    0.0000 C   0  0  0  0  0  0  0  0  0  0  0  0
    3.4042   -5.5667    0.0000 C   0  0  0  0  0  0  0  0  0  0  0  0
  2  7  1  0
  3  1  1  0
  4  1  2  0
  5  2  1  0
  6 10  1  0
  7 11  2  0
  8  1  1  0
  9  8  1  0
 10  9  2  0
 11  9  1  0
 12  5  2  0
 13  5  1  0
 14 13  2  0
 15 12  1  0
 16 15  2  0
  6  2  2  0
 14 16  1  0
M  END

&gt; &lt;chembl_id&gt;
CHEMBL413965

&gt; &lt;chembl_pref_name&gt;
FELBINAC

$$$$

     RDKit          2D

 18 17  0  0  0  0  0  0  0  0999 V2000
    4.3331  -15.5956    0.0000 C   0  0  0  0  0  0  0  0  0  0  0  0
    5.0454  -16.0060    0.0000 C   0  0  0  0  0  0  0  0  0  0  0  0
    5.7618  -15.5956    0.0000 C   0  0  0  0  0  0  0  0  0  0  0  0
    5.7618  -14.7706    0.0000 C   0  0  0  0  0  0  0  0  0  0  0  0
    5.7618  -13.9457    0.0000 C   0  0  0  0  0  0  0  0  0  0  0  0
    5.0454  -13.5311    0.0000 O   0  0  0  0  0  0  0  0  0  0  0  0
    5.0454  -12.7061    0.0000 C   0  0  0  0  0  0  0  0  0  0  0  0
    4.3331  -12.2916    0.0000 N   0  0  0  0  0  0  0  0  0  0  0  0
    4.3331  -11.4666    0.0000 C   0  0  0  0  0  0  0  0  0  0  0  0
    3.6168  -11.0562    0.0000 C   0  0  0  0  0  0  0  0  0  0  0  0
    5.0454  -11.0562    0.0000 C   0  0  0  0  0  0  0  0  0  0  0  0
    5.7618  -12.2916    0.0000 O   0  0  0  0  0  0  0  0  0  0  0  0
    4.9368  -14.7706    0.0000 C   0  0  0  0  0  0  0  0  0  0  0  0
    6.5868  -14.7706    0.0000 C   0  0  0  0  0  0  0  0  0  0  0  0
    6.9972  -14.0543    0.0000 O   0  0  0  0  0  0  0  0  0  0  0  0
    7.8221  -14.0543    0.0000 C   0  0  0  0  0  0  0  0  0  0  0  0
    8.2367  -13.3420    0.0000 N   0  0  0  0  0  0  0  0  0  0  0  0
    8.2367  -14.7706    0.0000 O   0  0  0  0  0  0  0  0  0  0  0  0
  1  2  1  0
  2  3  1  0
  3  4  1  0
  4  5  1  0
  5  6  1  0
  6  7  1  0
  7  8  1  0
  8  9  1  0
  9 10  1  0
  9 11  1  0
  7 12  2  0
  4 13  1  0
  4 14  1  0
 14 15  1  0
 15 16  1  0
 16 17  1  0
 16 18  2  0
M  END

&gt; &lt;chembl_id&gt;
CHEMBL1233

&gt; &lt;chembl_pref_name&gt;
CARISOPRODOL

$$$$

     RDKit          2D

 22 24  0  0  0  0  0  0  0  0999 V2000
    3.5470  -25.0128    0.0000 C   0  0  0  0  0  0  0  0  0  0  0  0
    4.3732  -25.0128    0.0000 S   0  0  0  0  0  0  0  0  0  0  0  0
    4.6304  -24.2275    0.0000 C   0  0  0  0  0  0  0  0  0  0  0  0
    3.9601  -23.7401    0.0000 N   0  0  0  0  0  0  0  0  0  0  0  0
    3.2941  -24.2275    0.0000 C   0  0  0  0  0  0  0  0  0  0  0  0
    2.5744  -23.8267    0.0000 C   0  0  0  0  0  0  0  0  0  0  0  0
    3.0604  -25.6806    0.0000 C   0  0  0  0  0  0  0  0  0  0  0  0
    3.3955  -26.4360    0.0000 C   0  0  0  0  0  0  0  0  0  0  0  0
    2.9106  -27.1040    0.0000 O   0  0  0  0  0  0  0  0  0  0  0  0
    4.2188  -26.5236    0.0000 O   0  0  0  0  0  0  0  0  0  0  0  0
    2.5641  -23.0050    0.0000 C   0  0  0  0  0  0  0  0  0  0  0  0
    1.8452  -22.6042    0.0000 C   0  0  0  0  0  0  0  0  0  0  0  0
    1.1372  -23.0271    0.0000 C   0  0  0  0  0  0  0  0  0  0  0  0
    1.1526  -23.8551    0.0000 C   0  0  0  0  0  0  0  0  0  0  0  0
    1.8720  -24.2522    0.0000 C   0  0  0  0  0  0  0  0  0  0  0  0
    5.3394  -23.8075    0.0000 C   0  0  0  0  0  0  0  0  0  0  0  0
    6.0585  -24.2167    0.0000 C   0  0  0  0  0  0  0  0  0  0  0  0
    6.7702  -23.7986    0.0000 C   0  0  0  0  0  0  0  0  0  0  0  0
    6.7641  -22.9714    0.0000 C   0  0  0  0  0  0  0  0  0  0  0  0
    6.0402  -22.5642    0.0000 C   0  0  0  0  0  0  0  0  0  0  0  0
    5.3315  -22.9847    0.0000 C   0  0  0  0  0  0  0  0  0  0  0  0
    0.4148  -22.6261    0.0000 Cl  0  0  0  0  0  0  0  0  0  0  0  0
  6 11  2  0
  1  2  1  0
 11 12  1  0
  5  6  1  0
 12 13  2  0
 13 14  1  0
  1  7  1  0
 14 15  2  0
 15  6  1  0
  2  3  1  0
  7  8  1  0
 16 17  2  0
  3  4  2  0
 17 18  1  0
  4  5  1  0
 18 19  2  0
  8  9  1  0
 19 20  1  0
  8 10  2  0
 20 21  2  0
 21 16  1  0
  3 16  1  0
  5  1  2  0
 13 22  1  0
M  END

&gt; &lt;chembl_id&gt;
CHEMBL589092

&gt; &lt;chembl_pref_name&gt;
FENTIAZAC

$$$$

     RDKit          2D

 20 20  0  0  0  0  0  0  0  0999 V2000
    7.6938   -1.1235    0.0000 K   0  0  0  0  0 15  0  0  0  0  0  0
    2.5973   -1.5031    0.0000 N   0  0  0  0  0  0  0  0  0  0  0  0
    2.5951   -3.0039    0.0000 C   0  0  0  0  0  0  0  0  0  0  0  0
    1.2990   -0.7500    0.0000 C   0  0  0  0  0  0  0  0  0  0  0  0
    2.5951    3.0039    0.0000 C   0  0  0  0  0  0  0  0  0  0  0  0
    1.2990    0.7500    0.0000 C   0  0  0  0  0  0  0  0  0  0  0  0
    3.8915   -3.7585    0.0000 C   0  0  0  0  0  0  0  0  0  0  0  0
    1.2935   -3.7495    0.0000 C   0  0  0  0  0  0  0  0  0  0  0  0
    2.5972    1.5031    0.0000 C   0  0  0  0  0  0  0  0  0  0  0  0
    1.5548    3.6021    0.0000 O   0  0  0  0  0  0  0  0  0  0  0  0
    3.6331    3.6061    0.0000 O   0  0  0  0  0  0  0  0  0  0  0  0
    4.9329   -3.1621    0.0000 Cl  0  0  0  0  0  0  0  0  0  0  0  0
    0.2563   -3.1459    0.0000 Cl  0  0  0  0  0  0  0  0  0  0  0  0
    2.5847   -6.0040    0.0000 C   0  0  0  0  0  0  0  0  0  0  0  0
    0.0000   -1.5000    0.0000 C   0  0  0  0  0  0  0  0  0  0  0  0
    1.2883   -5.2495    0.0000 C   0  0  0  0  0  0  0  0  0  0  0  0
    3.8864   -5.2585    0.0000 C   0  0  0  0  0  0  0  0  0  0  0  0
    0.0000    1.5000    0.0000 C   0  0  0  0  0  0  0  0  0  0  0  0
   -1.2990    0.7500    0.0000 C   0  0  0  0  0  0  0  0  0  0  0  0
   -1.2990   -0.7500    0.0000 C   0  0  0  0  0  0  0  0  0  0  0  0
  3  2  1  0
  4  2  1  0
  5  9  1  0
  6  4  1  0
  7  3  1  0
  8  3  2  0
  9  6  1  0
 10  5  1  0
 11  5  2  0
 12  7  1  0
 13  8  1  0
 14 16  2  0
 15  4  2  0
 16  8  1  0
 17  7  2  0
 18  6  2  0
 19 20  2  0
 20 15  1  0
 14 17  1  0
 18 19  1  0
M  CHG  2   1   1  10  -1
M  END

&gt; &lt;chembl_id&gt;
CHEMBL1200804

&gt; &lt;chembl_pref_name&gt;
DICLOFENAC POTASSIUM

$$$$

     RDKit          2D

 26 29  0  0  0  0  0  0  0  0999 V2000
    1.7584   -6.4334    0.0000 Cl  0  0  0  0  0  0  0  0  0  0  0  0
    2.0375   -4.4792    0.0000 C   0  0  0  0  0  0  0  0  0  0  0  0
    2.3875   -3.8834    0.0000 C   0  0  0  0  0  0  0  0  0  0  0  0
    2.3750   -5.0709    0.0000 C   0  0  0  0  0  0  0  0  0  0  0  0
    1.6625   -5.4167    0.0000 O   0  0  0  0  0  0  0  0  0  0  0  0
    1.3583   -4.4834    0.0000 C   0  0  0  0  0  0  0  0  0  0  0  0
    2.0458   -3.2959    0.0000 C   0  0  0  0  0  0  0  0  0  0  0  0
    1.0208   -5.0709    0.0000 C   0  0  0  0  0  0  0  0  0  0  0  0
    1.0208   -3.8834    0.0000 C   0  0  0  0  0  0  0  0  0  0  0  0
    2.3875   -2.7042    0.0000 N   0  0  0  0  0  0  0  0  0  0  0  0
    1.3583   -3.2959    0.0000 C   0  0  0  0  0  0  0  0  0  0  0  0
    1.6875   -3.8792    0.0000 C   0  0  0  0  0  0  0  0  0  0  0  0
    3.0708   -3.8917    0.0000 C   0  0  0  0  0  0  0  0  0  0  0  0
    3.0625   -5.0792    0.0000 C   0  0  0  0  0  0  0  0  0  0  0  0
    0.3333   -5.0709    0.0000 C   0  0  0  0  0  0  0  0  0  0  0  0
    0.3333   -3.8834    0.0000 C   0  0  0  0  0  0  0  0  0  0  0  0
    1.7000   -2.7042    0.0000 C   0  0  0  0  0  0  0  0  0  0  0  0
   -0.0125   -4.4834    0.0000 C   0  0  0  0  0  0  0  0  0  0  0  0
    3.4083   -4.4834    0.0000 C   0  0  0  0  0  0  0  0  0  0  0  0
    2.7375   -3.2709    0.0000 O   0  0  0  0  0  0  0  0  0  0  0  0
    3.4000   -5.6792    0.0000 O   0  0  0  0  0  0  0  0  0  0  0  0
    2.9875   -2.3584    0.0000 C   0  0  0  0  0  0  0  0  0  0  0  0
   -0.0183   -5.6858    0.0000 O   0  0  0  0  0  0  0  0  0  0  0  0
   -0.7266   -5.6888    0.0000 C   0  0  0  0  0  0  0  0  0  0  0  0
    1.5458   -2.4298    0.0000 H   0  0  0  0  0  0  0  0  0  0  0  0
    2.5931   -6.0468    0.0000 H   0  0  0  0  0  0  0  0  0  0  0  0
  4  2  1  0
  4  5  1  0
  6  2  1  0
  7  3  1  0
  8  6  1  0
  9  6  2  0
 10 17  1  0
 11  9  1  0
  2 12  1  1
 13  3  1  0
 14  4  1  0
 15  8  2  0
 16  9  1  0
 17 12  1  0
 18 16  2  0
 19 14  1  0
  3 20  1  1
 21 14  2  0
 22 10  1  0
  5  8  1  0
  7 10  1  0
 11  7  1  0
 19 13  1  0
 18 15  1  0
 15 23  1  0
 23 24  1  0
  3  2  1  0
  7 25  1  6
  4 26  1  1
M  END

&gt; &lt;chembl_id&gt;
CHEMBL1200890

&gt; &lt;chembl_pref_name&gt;
OXYCODONE HYDROCHLORIDE

$$$$

     RDKit          2D

 17 16  0  0  0  0  0  0  0  0999 V2000
    7.2292   -7.8375    0.0000 Cl  0  0  0  0  0  0  0  0  0  0  0  0
    4.6042   -4.9917    0.0000 C   0  0  0  0  0  0  0  0  0  0  0  0
    6.0375   -4.9917    0.0000 C   0  0  0  0  0  0  0  0  0  0  0  0
    5.3167   -4.5792    0.0000 C   0  0  0  0  0  0  0  0  0  0  0  0
    6.7500   -4.5792    0.0000 C   0  0  0  0  0  0  0  0  0  0  0  0
    3.8917   -4.5792    0.0000 C   0  0  0  0  0  0  0  0  0  0  0  0
    7.4625   -4.9917    0.0000 N   0  0  0  0  0  0  0  0  0  0  0  0
    3.1792   -4.9917    0.0000 C   0  0  0  0  0  0  0  0  0  0  0  0
    2.4625   -4.5792    0.0000 O   0  0  0  0  0  0  0  0  0  0  0  0
    4.6042   -5.8167    0.0000 C   0  0  0  0  0  0  0  0  0  0  0  0
    3.8917   -6.2292    0.0000 C   0  0  0  0  0  0  0  0  0  0  0  0
    6.0375   -5.8167    0.0000 C   0  0  0  0  0  0  0  0  0  0  0  0
    5.3167   -3.7542    0.0000 C   0  0  0  0  0  0  0  0  0  0  0  0
    3.1792   -5.8167    0.0000 C   0  0  0  0  0  0  0  0  0  0  0  0
    8.1792   -4.5792    0.0000 C   0  0  0  0  0  0  0  0  0  0  0  0
    7.4625   -5.8167    0.0000 C   0  0  0  0  0  0  0  0  0  0  0  0
    6.0375   -3.3417    0.0000 C   0  0  0  0  0  0  0  0  0  0  0  0
  3  4  1  0
  4  2  1  0
  5  3  1  0
  6  2  2  0
  7  5  1  0
  8  6  1  0
  9  8  1  0
 10  2  1  0
 11 10  2  0
  3 12  1  6
  4 13  1  6
 14 11  1  0
 15  7  1  0
 16  7  1  0
 17 13  1  0
  8 14  2  0
M  END

&gt; &lt;chembl_id&gt;
CHEMBL1201777

&gt; &lt;chembl_pref_name&gt;
TAPENTADOL HYDROCHLORIDE

$$$$

     RDKit          2D

 20 20  0  0  0  0  0  0  0  0999 V2000
    0.0000    0.0000    0.0000 Cl  0  0  0  0  0  0  0  0  0  0  0  0
    2.7679    0.5000    0.0000 C   0  0  0  0  0  0  0  0  0  0  0  0
    4.5000    0.5000    0.0000 C   0  0  0  0  0  0  0  0  0  0  0  0
    0.5000    5.2321    0.0000 C   0  0  0  0  0  0  0  0  0  0  0  0
    6.2321    2.5000    0.0000 C   0  0  0  0  0  0  0  0  0  0  0  0
    6.2321    3.5000    0.0000 C   0  0  0  0  0  0  0  0  0  0  0  0
    2.0000    2.6340    0.0000 C   0  0  0  0  0  0  0  0  0  0  0  0
    5.3660    2.0000    0.0000 C   0  0  0  0  0  0  0  0  0  0  0  0
    3.0000    2.6340    0.0000 C   0  0  0  0  0  0  0  0  0  0  0  0
    1.5000    3.5000    0.0000 C   0  0  0  0  0  0  0  0  0  0  0  0
    5.3660    4.0000    0.0000 C   0  0  0  0  0  0  0  0  0  0  0  0
    3.0000    4.3660    0.0000 C   0  0  0  0  0  0  0  0  0  0  0  0
    3.6340    2.0000    0.0000 C   0  0  0  0  0  0  0  0  0  0  0  0
    3.5000    3.5000    0.0000 C   0  0  0  0  0  0  0  0  0  0  0  0
    4.5000    2.5000    0.0000 C   0  0  0  0  0  0  0  0  0  0  0  0
    2.0000    4.3660    0.0000 C   0  0  0  0  0  0  0  0  0  0  0  0
    4.5000    3.5000    0.0000 C   0  0  0  0  0  0  0  0  0  0  0  0
    3.6340    1.0000    0.0000 N   0  0  0  0  0  0  0  0  0  0  0  0
    4.0000    4.3660    0.0000 O   0  0  0  0  0  0  0  0  0  0  0  0
    1.5000    5.2321    0.0000 O   0  0  0  0  0  0  0  0  0  0  0  0
  2 18  1  0
  3 18  1  0
  4 20  1  0
  5  6  1  0
  5  8  1  0
  6 11  1  0
  7  9  2  0
  7 10  1  0
  8 15  1  0
  9 14  1  0
 10 16  2  0
 11 17  1  0
 12 14  2  0
 12 16  1  0
 13 15  1  0
 13 18  1  0
 14 17  1  0
 15 17  1  0
 16 20  1  0
 17 19  1  0
M  END

&gt; &lt;chembl_id&gt;
CHEMBL1237065

&gt; &lt;chembl_pref_name&gt;
TRAMADOL HYDROCHLORIDE

$$$$

     RDKit          2D

 26 27  0  0  0  0  0  0  0  0999 V2000
   -0.4168    1.4711    0.0000 F   0  0  0  0  0  0  0  0  0  0  0  0
   -1.5438    1.7731    0.0000 F   0  0  0  0  0  0  0  0  0  0  0  0
   -0.7188    0.3442    0.0000 F   0  0  0  0  0  0  0  0  0  0  0  0
   -1.8457   -2.6539    0.0000 O   0  0  0  0  0  0  0  0  0  0  0  0
   -2.5602   -3.8914    0.0000 O   0  0  0  0  0  0  0  0  0  0  0  0
    0.2977   -3.0664    0.0000 O   0  0  0  0  0  0  0  0  0  0  0  0
    2.4411   -2.6539    0.0000 O   0  0  0  0  0  0  0  0  0  0  0  0
   -2.5602   -1.4164    0.0000 N   0  0  0  0  0  0  0  0  0  0  0  0
   -1.8457    0.6461    0.0000 C   0  0  0  0  0  0  0  0  0  0  0  0
   -3.2747   -1.8289    0.0000 C   0  0  0  0  0  0  0  0  0  0  0  0
   -2.5602   -0.5914    0.0000 C   0  0  0  0  0  0  0  0  0  0  0  0
   -3.2747   -2.6539    0.0000 C   0  0  0  0  0  0  0  0  0  0  0  0
   -1.1313    1.0586    0.0000 C   0  0  0  0  0  0  0  0  0  0  0  0
   -1.8457   -0.1789    0.0000 C   0  0  0  0  0  0  0  0  0  0  0  0
   -2.5602   -3.0664    0.0000 C   0  0  0  0  0  0  0  0  0  0  0  0
   -2.5602    1.0586    0.0000 C   0  0  0  0  0  0  0  0  0  0  0  0
   -3.2747   -0.1789    0.0000 C   0  0  0  0  0  0  0  0  0  0  0  0
   -3.9891   -1.4164    0.0000 C   0  0  0  0  0  0  0  0  0  0  0  0
   -3.9891   -3.0664    0.0000 C   0  0  0  0  0  0  0  0  0  0  0  0
   -3.2747    0.6461    0.0000 C   0  0  0  0  0  0  0  0  0  0  0  0
   -4.7036   -1.8289    0.0000 C   0  0  0  0  0  0  0  0  0  0  0  0
   -4.7036   -2.6539    0.0000 C   0  0  0  0  0  0  0  0  0  0  0  0
   -1.1313   -3.0664    0.0000 C   0  0  0  0  0  0  0  0  0  0  0  0
   -0.4168   -2.6539    0.0000 C   0  0  0  0  0  0  0  0  0  0  0  0
    1.0122   -2.6539    0.0000 C   0  0  0  0  0  0  0  0  0  0  0  0
    1.7266   -3.0664    0.0000 C   0  0  0  0  0  0  0  0  0  0  0  0
  1 13  1  0
  2 13  1  0
  3 13  1  0
  4 15  1  0
  4 23  1  0
  5 15  2  0
  6 24  1  0
  6 25  1  0
  7 26  1  0
  8 10  1  0
  8 11  1  0
  9 13  1  0
  9 14  2  0
  9 16  1  0
 10 12  2  0
 10 18  1  0
 11 14  1  0
 11 17  2  0
 12 15  1  0
 12 19  1  0
 16 20  2  0
 17 20  1  0
 18 21  2  0
 19 22  2  0
 21 22  1  0
 23 24  1  0
 25 26  1  0
M  END

&gt; &lt;chembl_id&gt;
CHEMBL1451633

&gt; &lt;chembl_pref_name&gt;
ETOFENAMATE

$$$$

     RDKit          2D

 26 28  0  0  0  0  0  0  0  0999 V2000
    0.4292   -0.8000    0.0000 C   0  0  0  0  0  0  0  0  0  0  0  0
    1.3667   -0.8000    0.0000 N   0  0  0  0  0  0  0  0  0  0  0  0
   -3.0458    0.0208    0.0000 C   0  0  0  0  0  0  0  0  0  0  0  0
    1.8292    0.0875    0.0000 C   0  0  0  0  0  0  0  0  0  0  0  0
   -2.5625   -0.8542    0.0000 C   0  0  0  0  0  0  0  0  0  0  0  0
   -1.0833   -1.7375    0.0000 C   0  0  0  0  0  0  0  0  0  0  0  0
   -1.5500   -0.8667    0.0000 C   0  0  0  0  0  0  0  0  0  0  0  0
   -0.0583   -1.7500    0.0000 C   0  0  0  0  0  0  0  0  0  0  0  0
    1.3000    0.9708    0.0000 N   0  0  0  0  0  0  0  0  0  0  0  0
   -0.2708    0.1458    0.0000 O   0  0  0  0  0  0  0  0  0  0  0  0
   -4.1583    0.0083    0.0000 O   0  0  0  0  0  0  0  0  0  0  0  0
   -2.5375    0.9125    0.0000 C   0  0  0  0  0  0  0  0  0  0  0  0
    2.8167    0.0875    0.0000 C   0  0  0  0  0  0  0  0  0  0  0  0
    1.8042    1.8083    0.0000 C   0  0  0  0  0  0  0  0  0  0  0  0
    3.2875    0.9250    0.0000 C   0  0  0  0  0  0  0  0  0  0  0  0
   -3.0708   -1.7375    0.0000 C   0  0  0  0  0  0  0  0  0  0  0  0
   -1.5958   -2.6042    0.0000 C   0  0  0  0  0  0  0  0  0  0  0  0
   -2.5958   -2.6042    0.0000 C   0  0  0  0  0  0  0  0  0  0  0  0
    0.3667   -2.5792    0.0000 C   0  0  0  0  0  0  0  0  0  0  0  0
   -3.0708    1.7708    0.0000 C   0  0  0  0  0  0  0  0  0  0  0  0
   -1.5208    0.9000    0.0000 C   0  0  0  0  0  0  0  0  0  0  0  0
    2.7917    1.8083    0.0000 C   0  0  0  0  0  0  0  0  0  0  0  0
    4.3417    0.9458    0.0000 C   0  0  0  0  0  0  0  0  0  0  0  0
   -2.5625    2.6083    0.0000 C   0  0  0  0  0  0  0  0  0  0  0  0
   -1.0458    1.7250    0.0000 C   0  0  0  0  0  0  0  0  0  0  0  0
   -1.5208    2.6083    0.0000 C   0  0  0  0  0  0  0  0  0  0  0  0
  2  1  1  0
  3  5  1  0
  4  2  1  0
  5  7  1  0
  6  8  1  0
  7  6  2  0
  8  1  1  0
  9  4  1  0
 10  1  2  0
 11  3  2  0
 12  3  1  0
 13  4  2  0
 14  9  2  0
 15 13  1  0
 16 18  1  0
 17  6  1  0
 18 17  2  0
 19  8  1  0
 20 12  1  0
 21 12  2  0
 22 15  2  0
 23 15  1  0
 24 20  2  0
 25 21  1  0
 26 25  2  0
  5 16  2  0
 14 22  1  0
 24 26  1  0
M  END

&gt; &lt;chembl_id&gt;
CHEMBL2106966

&gt; &lt;chembl_pref_name&gt;
PIKETOPROFEN

$$$$

     RDKit          2D

 27 30  0  0  0  0  0  0  0  0999 V2000
    3.0123    8.4105    0.0000 C   0  0  0  0  0  0  0  0  0  0  0  0
    3.6443    8.9408    0.0000 C   0  0  0  0  0  0  0  0  0  0  0  0
    4.4195    8.6586    0.0000 C   0  0  0  0  0  0  0  0  0  0  0  0
    4.5628    7.8462    0.0000 C   0  0  0  0  0  0  0  0  0  0  0  0
    3.9308    7.3159    0.0000 C   0  0  0  0  0  0  0  0  0  0  0  0
    3.1556    7.5980    0.0000 N   0  0  0  0  0  0  0  0  0  0  0  0
    4.0741    6.5034    0.0000 C   0  0  0  0  0  0  0  0  0  0  0  0
    4.4866    5.7889    0.0000 C   0  0  0  0  0  0  0  0  0  0  0  0
    4.0741    5.0745    0.0000 C   0  0  0  0  0  0  0  0  0  0  0  0
    3.2491    5.0745    0.0000 O   0  0  0  0  0  0  0  0  0  0  0  0
    2.8366    5.7889    0.0000 C   0  0  0  0  0  0  0  0  0  0  0  0
    3.2491    6.5034    0.0000 C   0  0  0  0  0  0  0  0  0  0  0  0
    4.8493    6.7856    0.0000 C   0  0  0  0  0  0  0  0  0  0  0  0
    5.4813    6.2553    0.0000 C   0  0  0  0  0  0  0  0  0  0  0  0
    6.2566    6.5374    0.0000 N   0  0  0  0  0  0  0  0  0  0  0  0
    6.8885    6.0071    0.0000 C   0  0  0  0  0  0  0  0  0  0  0  0
    7.6638    6.2893    0.0000 C   0  0  0  0  0  0  0  0  0  0  0  0
    7.8912    7.0823    0.0000 S   0  0  0  0  0  0  0  0  0  0  0  0
    8.7157    7.1111    0.0000 C   0  0  0  0  0  0  0  0  0  0  0  0
    8.9979    6.3359    0.0000 C   0  0  0  0  0  0  0  0  0  0  0  0
    8.3477    5.8280    0.0000 C   0  0  0  0  0  0  0  0  0  0  0  0
    8.3765    5.0035    0.0000 O   0  0  0  0  0  0  0  0  0  0  0  0
    9.1050    4.6162    0.0000 C   0  0  0  0  0  0  0  0  0  0  0  0
    2.3517    6.4564    0.0000 C   0  0  0  0  0  0  0  0  0  0  0  0
    2.3517    5.1215    0.0000 C   0  0  0  0  0  0  0  0  0  0  0  0
    1.5670    5.3764    0.0000 C   0  0  0  0  0  0  0  0  0  0  0  0
    1.5670    6.2014    0.0000 C   0  0  0  0  0  0  0  0  0  0  0  0
  1  2  1  0
  1  6  2  0
  2  3  2  0
  3  4  1  0
  4  5  2  0
  5  6  1  0
  7  5  1  6
  7  8  1  0
 12  7  1  0
  8  9  1  0
  9 10  1  0
 10 11  1  0
 11 12  1  0
  7 13  1  1
 13 14  1  0
 14 15  1  0
 15 16  1  0
 16 17  1  0
 17 18  1  0
 17 21  2  0
 18 19  1  0
 19 20  2  0
 20 21  1  0
 21 22  1  0
 22 23  1  0
 24 11  1  0
 11 25  1  0
 25 26  1  0
 26 27  1  0
 24 27  1  0
M  END

&gt; &lt;chembl_id&gt;
CHEMBL2443262

&gt; &lt;chembl_pref_name&gt;
OLICERIDINE

$$$$

     RDKit          2D

 20 21  0  0  0  0  0  0  0  0999 V2000
   -8.9203    1.0607    0.0000 C   0  0  0  0  0  0  0  0  0  0  0  0
   -9.6348    1.4732    0.0000 C   0  0  0  0  0  0  0  0  0  0  0  0
  -10.3493    1.0607    0.0000 C   0  0  0  0  0  0  0  0  0  0  0  0
  -10.3493    0.2357    0.0000 C   0  0  0  0  0  0  0  0  0  0  0  0
   -9.6348   -0.1768    0.0000 C   0  0  0  0  0  0  0  0  0  0  0  0
   -8.9203    0.2357    0.0000 C   0  0  0  0  0  0  0  0  0  0  0  0
   -8.5078    1.7752    0.0000 C   0  0  0  0  0  0  0  0  0  0  0  0
   -7.6828    1.7752    0.0000 C   0  0  0  0  0  0  0  0  0  0  0  0
   -7.2703    2.4897    0.0000 C   0  0  0  0  0  0  0  0  0  0  0  0
   -7.6828    3.2041    0.0000 C   0  0  0  0  0  0  0  0  0  0  0  0
   -8.5079    3.2042    0.0000 C   0  0  0  0  0  0  0  0  0  0  0  0
   -8.9204    2.4897    0.0000 C   0  0  0  0  0  0  0  0  0  0  0  0
   -8.0953    1.0607    0.0000 O   0  0  0  0  0  0  0  0  0  0  0  0
   -6.4453    2.4897    0.0000 O   0  0  0  0  0  0  0  0  0  0  0  0
   -6.0328    1.7752    0.0000 C   0  0  0  0  0  0  0  0  0  0  0  0
   -9.6348    2.2982    0.0000 C   0  0  0  0  0  0  0  0  0  0  0  0
  -10.3493    2.7107    0.0000 N   0  0  0  0  0  0  0  0  0  0  0  0
  -10.3493    3.5357    0.0000 C   0  0  0  0  0  0  0  0  0  0  0  0
  -11.0638    2.2982    0.0000 C   0  0  0  0  0  0  0  0  0  0  0  0
   -9.6348   -1.0018    0.0000 O   0  0  0  0  0  0  0  0  0  0  0  0
  1  2  1  0
  2  3  1  0
  3  4  1  0
  4  5  1  0
  5  6  1  0
  6  1  1  0
  1  7  1  0
  7  8  2  0
  7 12  1  0
  8  9  1  0
  9 10  2  0
 10 11  1  0
 11 12  2  0
  1 13  1  0
  9 14  1  0
 14 15  1  0
  2 16  1  0
 16 17  1  0
 17 18  1  0
 17 19  1  0
  5 20  1  0
M  END

&gt; &lt;chembl_id&gt;
CHEMBL3989680

&gt; &lt;chembl_pref_name&gt;
AXOMADOL

$$$$

     RDKit          2D

 25 25  0  0  0  0  0  0  0  0999 V2000
   -5.2789  -19.2613    0.0000 C   0  0  0  0  0  0  0  0  0  0  0  0
   -4.4831  -19.0447    0.0000 C   0  0  0  0  0  0  0  0  0  0  0  0
   -4.4432  -18.2208    0.0000 C   0  0  0  0  0  0  0  0  0  0  0  0
   -5.2145  -17.9283    0.0000 C   0  0  0  0  0  0  0  0  0  0  0  0
   -5.7309  -18.5714    0.0000 C   0  0  0  0  0  0  0  0  0  0  0  0
   -5.4312  -17.1323    0.0000 O   0  0  0  0  0  0  0  0  0  0  0  0
   -5.5715  -20.0327    0.0000 O   0  0  0  0  0  0  0  0  0  0  0  0
   -3.7531  -17.7688    0.0000 C   0  0  0  0  0  0  0  0  0  0  0  0
   -3.0165  -18.1404    0.0000 C   0  0  0  0  0  0  0  0  0  0  0  0
   -2.3298  -17.6847    0.0000 C   0  0  0  0  0  0  0  0  0  0  0  0
   -2.3580  -16.8602    0.0000 C   0  0  0  0  0  0  0  0  0  0  0  0
   -3.0862  -16.4724    0.0000 C   0  0  0  0  0  0  0  0  0  0  0  0
   -3.1144  -15.6478    0.0000 C   0  0  0  0  0  0  0  0  0  0  0  0
   -3.8426  -15.2600    0.0000 C   0  0  0  0  0  0  0  0  0  0  0  0
   -3.8725  -14.4343    0.0000 O   0  0  0  0  0  0  0  0  0  0  0  0
   -4.5442  -15.6956    0.0000 O   0  0  0  0  0  0  0  0  0  0  0  0
   -3.8399  -19.5613    0.0000 C   0  0  0  0  0  0  0  0  0  0  0  0
   -3.0709  -19.2626    0.0000 C   0  0  0  0  0  0  0  0  0  0  0  0
   -2.4277  -19.7792    0.0000 C   0  0  0  0  0  0  0  0  0  0  0  0
   -1.6586  -19.4805    0.0000 C   0  0  0  0  0  0  0  0  0  0  0  0
   -1.0154  -19.9971    0.0000 C   0  0  0  0  0  0  0  0  0  0  0  0
   -2.5535  -20.5946    0.0000 O   0  0  0  0  0  0  0  0  0  0  0  0
   -0.2464  -19.6984    0.0000 C   0  0  0  0  0  0  0  0  0  0  0  0
    0.3968  -20.2150    0.0000 C   0  0  0  0  0  0  0  0  0  0  0  0
    1.1658  -19.9163    0.0000 C   0  0  0  0  0  0  0  0  0  0  0  0
  4  6  2  0
 12 13  1  0
 13 14  1  0
  1  7  1  6
  2  3  1  0
 14 15  1  0
 14 16  2  0
  3  8  1  6
  2 17  1  1
  3  4  1  0
 17 18  2  0
  8  9  1  0
 18 19  1  0
  4  5  1  0
 19 20  1  0
  9 10  2  0
 20 21  1  0
  5  1  1  0
 19 22  1  6
 10 11  1  0
 21 23  1  0
  1  2  1  0
 23 24  1  0
 11 12  1  0
 24 25  1  0
M  END

&gt; &lt;chembl_id&gt;
CHEMBL548

&gt; &lt;chembl_pref_name&gt;
DINOPROSTONE

$$$$

     RDKit          2D

 13 13  0  0  0  0  0  0  0  0999 V2000
    0.9735   -7.6463    0.0000 C   0  0  0  0  0  0  0  0  0  0  0  0
    0.2591   -7.2336    0.0000 C   0  0  0  0  0  0  0  0  0  0  0  0
    0.9735   -8.4716    0.0000 O   0  0  0  0  0  0  0  0  0  0  0  0
    1.6879   -7.2336    0.0000 N   0  0  0  0  0  0  0  0  0  0  0  0
    2.4023   -7.6463    0.0000 C   0  0  0  0  0  0  0  0  0  0  0  0
    3.1167   -7.2336    0.0000 C   0  0  0  0  0  0  0  0  0  0  0  0
    3.8311   -7.6463    0.0000 C   0  0  0  0  0  0  0  0  0  0  0  0
    3.8311   -8.4716    0.0000 C   0  0  0  0  0  0  0  0  0  0  0  0
    3.1167   -8.8842    0.0000 C   0  0  0  0  0  0  0  0  0  0  0  0
    2.4023   -8.4716    0.0000 C   0  0  0  0  0  0  0  0  0  0  0  0
    4.5454   -8.8842    0.0000 O   0  0  0  0  0  0  0  0  0  0  0  0
    5.2598   -8.4716    0.0000 C   0  0  0  0  0  0  0  0  0  0  0  0
    5.9742   -8.8842    0.0000 C   0  0  0  0  0  0  0  0  0  0  0  0
  1  2  1  0
  1  3  2  0
  1  4  1  0
  5  6  1  0
  6  7  2  0
  7  8  1  0
  8  9  2  0
  9 10  1  0
  5 10  2  0
 12 13  1  0
 11 12  1  0
  8 11  1  0
  4  5  1  0
M  END

&gt; &lt;chembl_id&gt;
CHEMBL16073

&gt; &lt;chembl_pref_name&gt;
PHENACETIN

$$$$
